100
5 77
714 449 627 514 255
3 398
4 979
1 881
4 760
3 293
3 550
0 215
0 1008
3 912
0 55
4 152
3 692
0 998
1 678
3 549
3 403
0 317
3 68
3 106
1 244
3 574
3 356
2 440
1 661
1 877
2 510
2 638
2 826
3 226
2 273
0 426
4 1021
1 245
2 277
0 842
3 12
0 479
2 248
2 759
0 447
0 201
4 85
2 163
2 976
0 593
3 940
0 843
0 74
0 942
3 194
4 196
1 84
2 903
1 701
1 174
1 807
2 163
2 883
2 142
1 927
0 512
1 183
4 41
2 221
2 538
2 265
4 131
0 545
3 911
1 478
4 519
1 666
2 621
2 670
3 521
2 683
1 512
85 92
971 575 737 382 522 244 69 586 482 413 999 768 292 844 881 130 900 874 998 383 568 943 114 834 821 234 960 535 17 635 953 575 821 612 967 398 195 481 898 896 875 487 188 786 222 113 674 51 61 260 893 598 113 224 288 511 703 650 1011 61 519 438 133 74 445 62 94 363 264 639 691 112 441 177 621 384 214 600 716 850 992 673 436 822 111
79 506
34 914
24 74
2 857
53 1020
53 69
69 623
72 275
0 811
61 395
45 89
26 108
26 848
61 407
45 213
53 562
29 109
65 441
48 160
41 333
55 791
66 593
50 901
77 91
63 937
8 157
38 522
82 58
84 369
50 248
39 666
75 84
13 785
4 504
72 412
34 52
50 549
73 81
24 250
60 0
19 266
34 1023
83 213
49 257
19 383
32 237
19 378
43 607
70 250
49 895
65 623
60 633
27 525
42 409
62 199
44 397
1 210
73 953
14 844
81 593
9 161
44 794
53 888
67 93
49 676
12 887
67 942
17 191
64 721
23 536
77 520
58 705
72 371
31 810
45 379
30 995
61 781
24 624
31 226
13 981
10 785
12 661
79 380
43 795
11 376
46 699
58 42
65 172
42 762
41 76
72 124
29 897
69 83
1013 760 532 123 122 649 210 618 488 445 586 411 344 953 273 240 690 365 830 931 143 46 79 374 21 754 845 485 973 787 817 271 106 243 375 587 418 832 331 37 596 702 332 906 78 676 263 114 502 934 671 353 41 142 51 1018 294 981 525 492 89 870 675 442 130 587 255 903 75
13 415
48 710
9 15
67 108
4 177
44 861
40 322
57 707
7 36
41 636
28 638
65 537
13 484
47 797
42 319
38 239
58 259
26 448
30 161
7 164
46 745
20 930
2 173
44 717
2 764
10 878
33 408
55 47
19 394
54 784
38 694
46 201
32 943
48 153
21 377
21 745
1 298
39 544
16 130
6 708
15 407
46 440
61 632
14 121
62 691
2 363
27 293
34 546
63 333
58 343
14 861
47 493
12 137
56 632
23 451
35 17
7 734
34 38
36 596
9 878
20 120
34 2
62 139
33 521
6 443
64 558
62 422
40 737
32 422
30 851
27 131
21 423
45 519
44 946
50 369
24 387
27 483
36 66
60 1008
1 620
64 6
44 1019
39 84
29 89
858 549 63 394 124 604 782 642 475 83 802 820 146 894 478 139 72 217 472 364 318 623 812 248 226 666 995 1007 900
26 165
12 740
4 851
24 525
9 849
21 646
27 229
0 464
8 1013
0 169
21 499
8 45
18 313
11 362
1 756
21 744
15 592
28 1019
18 312
26 753
4 539
1 223
12 682
2 244
17 452
13 413
8 1017
11 273
9 469
19 159
23 748
0 301
6 24
16 98
25 556
18 552
2 599
7 1010
6 969
16 972
18 861
4 845
0 127
10 141
22 44
6 669
16 107
1 135
5 432
20 7
24 54
26 271
6 573
19 2
4 583
27 436
21 943
25 706
1 403
19 605
2 526
23 747
5 162
23 76
1 551
11 937
23 898
25 107
3 273
19 955
10 429
28 90
9 172
1 341
21 465
11 300
15 494
23 138
13 546
27 211
10 513
12 82
3 202
5 14
1 74
23 699
8 900
26 509
12 648
88 67
701 889 60 434 641 388 101 399 87 575 700 383 172 287 225 555 393 952 252 725 811 470 881 715 45 950 91 751 66 984 982 467 959 675 91 916 332 611 200 884 812 176 899 928 617 799 227 348 350 827 80 727 193 836 190 933 218 113 70 684 550 435 748 774 940 490 868 339 782 315 518 103 931 826 539 688 965 730 996 141 403 119 53 215 150 339 386 948
49 92
12 1004
1 227
46 180
26 936
30 546
79 312
67 844
2 761
41 695
30 750
52 767
62 145
71 107
63 793
2 651
49 15
57 777
72 788
81 292
29 381
40 509
9 947
0 301
30 146
86 607
37 200
57 804
10 894
48 896
38 902
78 209
53 348
35 1001
20 436
71 305
65 449
5 780
84 650
9 309
46 626
87 319
62 318
72 501
77 597
41 118
55 42
35 674
37 633
57 334
25 195
68 281
22 889
36 229
2 405
81 129
5 653
9 878
50 617
43 524
24 558
26 207
41 849
58 475
69 743
41 643
3 337
83 72
320 394 509 492 899 608 792 885 347 24 379 22 306 436 734 195 978 334 917 134 775 63 10 382 954 178 330 816 867 993 586 849 589 900 823 390 634 582 1006 92 554 771 635 226 486 280 616 245 401 683 308 902 759 540 802 506 529 708 213 783 313 560 1009 360 885 301 278 156 94 241 126 590 896 184 327 936 427 537 696 691 35 861 673
62 397
27 3
56 543
3 737
73 947
21 546
1 839
64 271
24 195
57 1006
56 36
38 249
74 683
38 86
11 555
79 759
28 714
45 866
64 968
35 158
24 947
79 155
27 15
26 606
53 968
27 687
34 312
27 173
56 329
81 432
74 103
40 743
39 547
41 891
40 398
56 519
50 165
28 909
9 402
61 702
48 852
38 87
63 172
67 977
59 341
49 719
16 734
26 890
43 301
66 892
45 576
70 597
0 480
32 752
34 456
16 862
15 423
60 208
52 134
22 1005
55 423
81 9
76 391
79 185
22 63
67 62
72 262
32 660
79 906
16 603
5 938
0 119
43 1
932 559 235 437 378 528 884 29 577 589 169 601 112 301 574 774 653 362 745 894 263 525 477 305 167 50 105 330 370 948 55 919 297 447 485 683 562 868 66 624 298 484 990
32 197
12 80
500 318 625 369 819 546 64 893 592 296 447 883
2 610
2 130
11 770
1 906
7 536
10 76
9 895
0 256
9 396
7 1
4 876
7 217
7 509
7 979
10 327
4 687
2 987
8 459
2 529
7 637
10 278
2 957
9 425
10 338
7 981
5 95
6 540
8 1018
0 555
6 459
5 639
1 456
11 738
10 635
5 257
2 554
6 786
5 537
3 174
1 858
10 945
4 633
2 744
3 665
3 524
9 283
11 770
11 29
7 829
0 340
10 130
3 379
2 936
0 832
1 374
7 252
7 312
3 1004
3 476
7 629
6 193
10 936
10 253
8 39
8 996
2 888
11 258
5 656
8 627
7 762
10 714
11 385
8 386
5 449
9 74
8 26
5 584
6 534
5 841
10 363
11 95
487 556 575 375 726 279 711 506 730 497 486
1 367
8 585
1 719
2 365
0 885
5 576
7 118
9 127
0 331
9 486
1 1022
5 272
8 832
10 185
1 351
10 235
3 584
8 529
4 163
1 306
2 972
3 929
3 584
8 521
10 765
2 505
7 280
7 8
6 690
3 613
2 240
5 715
6 20
5 563
4 412
7 286
4 957
7 26
10 944
5 483
6 574
5 835
9 618
6 256
3 659
0 506
3 248
9 269
2 423
4 271
2 43
3 726
6 199
4 18
7 458
6 812
5 527
9 733
4 78
5 930
7 58
4 217
8 638
5 908
1 386
7 695
4 668
10 138
0 890
10 21
0 835
0 914
3 427
8 53
3 758
5 216
0 97
10 887
5 313
10 161
2 524
0 885
2 632
4 978
9 763
8 617
2 472
8 51
9 976
5 143
0 954
3 871
6 365
2 819
2 1015
19 20
773 744 852 887 401 332 942 340 771 439 646 236 857 25 167 141 298 627 839
15 445
9 127
11 246
11 863
2 682
14 705
18 834
15 735
9 644
3 877
17 574
5 445
12 79
5 724
13 313
6 672
9 685
16 1
11 201
9 617
66 95
724 778 840 424 283 667 206 277 736 422 814 638 975 684 922 119 195 590 309 944 159 970 661 416 696 303 145 400 753 3 634 476 641 312 807 67 977 706 553 224 167 288 673 375 53 276 777 192 0 621 152 499 880 913 696 516 1023 198 422 139 199 330 769 483 696 970
12 946
62 58
49 24
58 475
51 15
9 778
3 419
51 579
47 971
37 218
16 776
11 196
24 161
22 495
34 876
20 193
62 130
7 781
59 219
59 619
53 823
58 702
26 19
49 789
6 15
40 420
8 800
59 199
10 942
51 122
19 87
61 463
26 926
22 19
31 297
15 830
46 153
7 455
22 530
59 165
48 650
3 32
42 115
27 43
7 310
52 287
64 285
2 292
6 10
50 346
35 562
61 486
9 584
61 111
24 761
3 3
14 972
21 11
49 536
29 699
51 609
50 793
61 744
25 445
59 500
54 350
56 843
10 289
21 67
31 891
22 238
55 917
31 163
12 289
64 73
11 159
12 395
19 220
53 509
36 879
46 759
57 959
8 104
16 320
46 204
65 184
10 647
26 361
48 866
60 704
65 50
21 126
5 896
61 185
46 466
51 39
771 985 149 102 762 860 9 1021 146 404 541 154 297 360 93 158 859 924 863 789 721 999 404 188 94 931 80 203 645 139 850 164 272 517 584 206 768 115 31 897 522 1005 769 711 854 519 643 166 927 328 520
49 655
5 865
3 133
45 752
34 382
23 281
48 897
24 240
10 401
28 297
43 938
24 676
36 999
22 325
10 330
7 467
32 338
30 943
25 896
33 644
38 611
19 772
49 925
30 482
8 674
45 501
29 379
36 795
31 814
47 186
45 433
44 845
46 137
1 689
45 484
41 406
49 36
5 129
40 663
64 80
515 111 407 378 913 260 210 37 747 699 297 489 50 313 958 198 916 679 812 697 373 785 335 752 88 297 300 524 545 707 420 799 831 500 436 1005 405 743 421 74 320 147 500 242 51 493 30 933 954 565 792 125 512 106 130 860 439 744 228 175 769 786 616 425
35 60
35 779
10 857
8 720
41 8
37 996
40 988
25 259
19 907
60 163
60 861
23 828
1 750
24 462
42 449
47 530
49 735
10 444
8 661
61 144
28 923
26 941
48 858
56 158
41 238
34 996
39 249
24 868
13 124
25 620
4 119
41 963
48 902
33 701
28 68
6 793
43 155
15 516
57 462
44 118
36 994
40 784
32 179
60 133
22 913
5 447
55 882
38 842
17 243
30 461
18 988
30 437
46 617
30 565
30 70
59 571
35 272
59 367
16 384
22 802
37 787
5 672
31 774
46 642
22 471
4 315
31 231
42 711
33 738
31 1010
10 965
9 269
40 274
40 551
54 469
57 50
15 84
19 954
7 135
63 581
94 56
168 398 560 528 604 945 294 552 163 59 36 510 727 928 718 251 312 340 71 854 507 928 825 886 492 927 893 279 465 736 152 501 1005 947 486 623 983 896 178 10 276 572 411 212 234 856 630 558 350 511 939 848 656 239 746 519 859 78 469 45 389 951 271 309 350 306 365 946 656 931 763 853 826 277 538 366 139 178 920 959 43 993 954 274 669 171 460 117 596 735 433 563 842 299
90 88
27 314
43 772
91 302
53 227
85 961
13 562
44 778
50 549
54 82
67 965
10 716
43 98
75 969
17 14
51 726
14 655
19 50
65 483
32 469
18 124
39 817
76 274
44 291
47 964
19 444
15 2
75 1020
48 108
1 332
4 667
29 571
10 526
60 478
79 999
76 954
45 500
3 194
25 688
60 754
68 1023
16 994
23 148
10 72
66 470
61 89
76 571
93 879
57 534
90 866
64 682
24 348
8 368
27 84
43 584
56 202
67 70
499 93 638 490 955 873 941 822 842 101 825 599 670 331 548 1017 534 509 618 212 45 868 728 39 451 49 83 58 816 260 892 236 702 604 451 974 1017 179 650 25 172 764 193 789 662 791 747 210 815 164 668 577 167 907 88 815 965 260 795 665 46 810 613 501 632 284 886
55 714
21 1019
46 173
6 501
58 310
30 1017
57 821
26 936
51 84
9 951
52 376
8 717
31 777
29 456
4 237
19 970
35 285
52 690
8 918
54 135
39 557
18 673
21 846
61 100
44 321
8 603
7 312
9 321
14 655
61 718
11 121
35 763
17 475
17 841
62 352
20 360
52 461
28 963
10 134
22 455
2 733
8 160
13 644
10 255
33 480
55 273
33 456
2 429
53 924
30 120
66 134
51 4
47 960
18 334
41 758
13 699
62 645
22 632
62 350
64 10
20 522
6 879
20 721
27 792
56 897
39 815
58 351
63 178
18 883
12 687
48 85
358 930 761 112 736 971 171 231 991 916 837 76 828 85 67 142 283 976 992 582 186 656 565 107 156 617 435 32 438 644 196 761 390 545 574 864 166 757 443 75 89 857 617 378 660 493 82 803
3 360
41 297
8 439
20 419
17 828
33 562
38 190
8 928
32 201
11 588
29 252
23 822
27 882
12 426
5 869
46 869
43 187
1 887
30 292
14 389
18 256
17 973
8 975
36 586
46 603
40 120
38 104
45 283
19 30
34 89
36 641
27 882
18 783
16 500
27 69
19 436
39 68
1 147
19 788
23 344
36 155
2 827
14 64
40 693
36 239
16 816
3 745
20 404
30 41
40 765
13 605
36 681
14 143
45 961
11 909
9 95
37 35
10 60
1 239
18 493
32 135
26 293
43 753
33 383
17 333
27 867
45 113
39 591
16 752
18 1000
24 18
1 149
47 349
26 602
34 592
37 434
25 59
7 802
14 599
46 658
25 676
30 50
12 623
47 663
34 156
28 81
667 836 814 998 24 368 955 1006 804 562 574 897 49 416 973 758 501 754 1009 634 425 185 267 49 316 750 1015 42
16 985
25 534
25 443
27 329
3 27
18 50
6 713
6 403
15 138
2 274
9 823
3 995
18 510
8 438
11 570
14 849
11 155
27 32
19 306
4 655
18 724
27 168
19 497
25 152
24 322
9 146
6 163
0 525
9 419
10 463
12 416
12 666
23 652
1 632
23 772
6 356
2 1019
1 566
5 805
17 36
14 504
6 487
5 157
23 399
9 452
4 306
22 541
25 244
1 216
21 748
19 523
8 357
22 792
26 275
3 300
16 623
8 95
15 489
16 699
2 218
12 616
7 323
2 712
22 781
26 269
8 873
11 775
15 252
16 199
12 221
22 893
12 90
4 324
21 375
7 225
7 551
6 1001
27 732
8 135
19 987
17 23
36 96
767 108 941 425 273 845 503 880 209 170 212 720 890 831 550 624 289 834 963 714 146 866 52 886 633 858 946 120 67 455 166 556 305 268 121 974
13 898
35 869
23 677
30 35
24 913
2 431
27 914
27 294
7 69
24 423
0 341
2 679
11 187
6 297
11 164
26 635
35 629
24 863
26 52
20 624
6 741
28 551
28 374
27 602
14 629
18 21
4 553
12 771
3 351
11 723
34 284
28 968
3 453
21 850
2 481
4 541
34 440
12 678
28 310
32 829
27 990
4 53
30 48
25 944
24 634
2 6
32 650
9 921
30 617
31 130
0 87
7 37
16 376
27 328
12 799
28 800
9 721
21 621
33 43
34 241
12 744
21 627
35 423
30 908
21 395
16 280
1 498
18 442
9 115
3 573
20 336
3 238
23 483
20 30
8 698
35 490
33 856
30 272
30 608
33 1003
3 796
24 490
0 215
32 609
1 368
19 361
32 251
20 95
0 992
3 522
21 712
11 825
15 522
1 910
0 117
22 628
89 15
371 71 744 651 873 73 678 433 891 702 102 518 329 928 870 718 158 26 620 16 1005 820 38 920 834 281 330 696 302 62 645 455 590 105 198 236 91 875 454 602 39 499 717 1021 362 157 636 175 659 483 310 885 418 209 891 814 50 100 679 854 833 91 890 197 331 132 792 760 167 355 410 422 368 1021 113 978 688 693 761 1017 955 58 985 916 351 722 468 343 125
1 496
73 163
66 131
25 398
59 714
12 44
48 654
51 551
30 637
86 973
61 207
25 661
49 115
32 848
17 615
96 52
499 625 785 590 79 940 482 905 702 851 602 823 512 227 270 892 79 137 974 530 10 583 858 865 894 314 736 118 144 553 168 634 830 447 756 889 888 34 0 582 247 733 971 634 554 633 894 508 778 833 364 4 581 907 833 996 158 865 924 655 277 994 646 211 1015 238 315 56 886 353 264 686 932 598 160 326 963 178 907 356 22 85 964 347 497 773 228 483 151 974 934 626 952 529 509 714
79 21
42 1002
37 26
83 583
79 523
58 122
58 81
2 911
18 893
17 937
0 956
35 685
47 271
88 173
39 481
25 858
3 721
39 4
76 822
54 987
69 690
74 1023
83 625
25 1016
2 595
54 469
11 464
52 709
64 317
50 957
35 601
42 574
47 41
55 841
84 922
76 207
81 589
76 312
14 979
29 909
77 351
61 876
51 305
15 647
42 934
59 952
59 816
56 954
81 590
3 599
30 504
18 445
97 8
891 143 862 982 746 446 330 297 798 344 351 411 839 503 196 545 337 942 224 858 633 634 234 974 71 272 630 695 658 170 73 715 642 339 137 869 945 27 301 566 901 215 478 217 70 743 993 350 1010 377 331 156 430 545 576 4 186 329 844 3 976 920 500 820 788 442 96 461 561 636 17 344 758 873 334 279 567 1018 374 211 622 133 616 864 948 549 499 718 777 989 335 864 542 11 908 918 737
83 481
2 68
32 118
13 717
91 529
74 120
64 901
95 1011
28 15
932 860 415 556 191 735 278 2 914 617 58 869 340 550 1015 909 30 973 430 1004 340 492 368 994 413 369 301 862
27 53
15 666
20 232
12 756
8 990
19 386
24 193
14 623
21 361
3 209
13 611
2 979
17 132
0 837
4 76
19 13
381 615 546 838 747 597 1015 236 727 413 574 695 671 711 130 437 358 777 777
4 342
5 791
7 411
2 528
12 163
4 109
4 747
4 669
7 856
15 632
0 170
5 132
5 879
81 96
787 470 1 400 701 66 575 260 799 730 953 951 896 1022 493 683 538 107 636 802 209 553 111 492 471 933 524 467 419 880 1008 131 320 458 956 517 861 490 568 52 300 684 68 593 342 772 980 287 430 920 832 405 201 348 558 680 783 778 462 246 110 139 197 400 866 852 567 403 947 379 201 153 358 380 727 568 508 299 943 315 110
15 728
16 264
26 783
34 60
72 706
65 813
21 269
26 320
40 98
35 335
14 112
36 357
41 875
11 979
26 515
17 350
62 2
33 168
27 661
16 533
71 245
79 456
14 859
13 795
47 668
22 398
40 851
7 618
27 72
14 250
33 517
21 361
53 605
0 759
3 50
40 649
28 506
67 785
17 635
51 728
49 435
32 470
51 483
51 449
59 942
14 52
13 603
25 312
36 132
31 11
10 790
23 281
59 577
18 758
61 560
9 160
54 101
43 213
73 861
25 89
23 20
78 157
46 1012
33 480
23 29
78 149
56 599
23 458
10 827
58 300
67 598
49 127
55 471
69 148
32 900
79 352
36 309
76 478
22 918
17 955
73 135
52 297
27 900
30 494
0 68
1 418
68 185
19 339
15 933
3 727
55 550
49 905
69 500
71 805
65 882
35 1023
65 42
617 623 533 133 437 738 557 391 157 829 742 67 468 848 32 790 904 223 477 626 840 563 484 870 635 1005 729 1011 466 586 617 900 190 448 111 584 131 498 602 64 840 496 788 314 106 784 980 799 857 654 726 627 255 179 904 112 847 668 829 870 887 578 137 710 40
32 805
45 658
12 768
6 588
11 420
64 667
62 105
8 567
23 624
7 5
10 931
46 495
56 228
18 245
15 944
48 246
28 210
13 615
31 960
51 150
40 185
0 310
8 469
4 880
49 310
64 683
44 612
8 1021
29 214
14 663
52 798
60 719
58 425
26 404
33 294
32 202
37 611
35 641
10 304
19 657
22 262
28 197
9 93
657 48 364 867 805 885 1015 346 643
0 615
0 71
8 916
7 188
4 724
8 4
8 990
6 25
7 829
2 53
3 766
6 214
7 322
5 312
8 148
1 971
8 931
3 863
0 657
7 500
0 905
5 1
1 217
6 271
4 639
7 652
2 891
5 594
8 639
4 188
2 1
7 620
6 916
4 636
7 939
6 116
1 917
3 807
2 473
7 19
3 12
0 945
6 97
1 411
0 574
1 584
3 33
4 244
2 327
3 758
6 516
3 213
0 517
0 76
5 588
3 71
5 343
4 55
2 123
4 271
0 135
7 134
8 486
3 559
6 14
5 594
4 709
1 28
7 689
8 80
0 417
8 736
7 900
7 672
8 349
5 625
0 52
8 42
7 782
2 158
2 516
3 142
2 599
2 100
3 973
6 383
5 296
2 503
4 901
7 130
1 699
2 814
0 390
72 47
632 40 397 661 52 384 199 737 510 301 989 789 28 987 925 688 661 538 150 889 525 113 84 717 943 918 114 927 654 382 416 672 977 292 742 182 519 340 958 570 527 513 118 675 20 22 766 7 358 892 494 502 243 938 35 851 200 408 987 846 75 713 512 936 568 576 461 675 620 379 110 831
64 113
62 211
69 343
69 769
52 824
47 412
32 6
8 959
22 488
63 301
41 522
24 985
7 922
63 539
1 421
52 110
22 458
66 814
12 860
22 362
29 409
39 78
33 567
62 561
40 1006
5 471
28 30
64 176
51 207
17 290
16 556
5 373
55 301
59 273
10 356
49 522
17 76
31 577
53 538
24 602
65 693
40 95
53 746
58 334
8 899
5 674
9 845
89 43
956 49 435 35 842 429 579 902 62 155 76 454 266 347 800 851 781 169 981 648 514 269 737 993 271 133 418 401 80 764 743 345 660 566 42 349 850 526 155 333 31 822 824 426 155 7 251 540 906 255 402 768 98 417 712 234 346 242 3 933 42 587 976 307 140 229 239 243 555 771 95 610 551 206 597 598 769 759 208 984 46 979 582 767 415 626 767 1022 115
46 905
2 1009
82 536
85 145
29 191
85 657
63 132
56 444
9 662
47 663
0 878
18 186
43 704
53 483
30 127
64 977
66 738
44 701
29 319
34 68
32 480
76 527
34 953
4 930
86 960
28 51
19 576
41 425
85 629
79 32
5 791
80 21
58 1022
43 783
46 495
78 252
10 322
83 523
31 862
2 60
0 785
11 616
66 795
58 62
880 778 942 929 529 148 240 455 726 742 30 18 589 860 97 341 154 189 290 18 602 666 284 279 934 378 195 800 564 758 124 561 861 488 7 419 386 168 996 327 76 201 130 541 731 317 713 589 181 625 340 682 783 355 618 481 478 565
52 88
0 478
35 811
27 265
15 138
44 749
51 838
10 603
29 200
15 1022
46 254
38 448
0 363
55 975
21 679
24 20
41 1003
55 639
39 950
2 110
15 767
28 173
41 422
38 455
56 788
29 555
55 33
44 1018
20 613
7 246
55 554
26 163
14 539
42 880
6 695
27 228
27 909
48 572
50 447
2 560
23 376
19 709
47 563
42 127
8 492
43 621
43 98
41 3
34 639
4 39
31 47
15 54
21 307
29 725
54 367
48 865
50 235
34 156
29 476
28 971
25 771
33 304
85 58
239 383 388 360 372 269 403 19 1015 710 73 583 431 45 282 287 88 995 984 560 848 405 27 655 877 591 697 58 362 749 861 941 378 637 1020 49 286 167 770 899 901 184 135 579 614 62 757 158 168 281 480 299 529 1006 785 689 522 262 601 850 470 658 42 999 29 844 32 713 692 55 532 71 232 98 843 479 841 514 759 337 35 50 401 242 433
33 166
79 219
50 460
10 858
77 554
75 395
77 6
48 748
54 809
25 508
80 195
73 756
41 361
59 861
70 646
24 28
41 16
0 490
32 994
53 262
47 331
39 209
83 204
47 13
66 552
26 911
33 625
74 521
45 415
30 206
13 410
74 80
26 510
13 988
1 601
28 569
19 490
46 258
65 521
41 237
57 912
75 714
35 893
42 462
20 599
5 802
2 272
81 294
62 240
24 1007
28 869
13 262
19 104
64 61
73 253
35 477
16 838
54 32
79 62
97 35 488 472 81 1020 1008 632 434 687 681 734 941 1006 157 659 678 879 699 95 109 729 306 653 461 269 596 912 594 275 207 751 147 79 255 110 727 364 544 858 155 416 981 40 588 325 527 266 78 276 642 217 105 867 283 364 824 751 665 62 215 1000 698 300 16 864 244 799 976 821 801 443 554 940 274 876 454 79 652
64 628
26 881
72 835
9 481
71 914
65 919
78 1000
19 267
71 537
73 91
5 12
23 70
15 345
26 185
13 625
26 64
73 683
22 21
70 544
51 212
38 433
28 177
18 96
37 668
38 211
63 48
4 600
41 967
75 835
28 765
65 49
73 885
44 243
17 716
74 70
6 803
28 735
57 684
61 579
24 385
62 502
5 482
27 662
12 670
47 145
62 376
18 965
14 1023
76 727
44 449
32 1007
15 188
27 69
8 677
12 188
41 264
63 676
67 700
37 186
13 34
8 277
77 597
28 69
684 763 727 622 961 382 417 912 575 286 376 516 786 642 931 710 490 1014 655 256 903 572 925 116 921 846 434 831
3 370
9 734
21 49
22 349
10 754
14 1004
12 743
21 66
24 933
2 54
18 836
11 767
24 356
17 47
25 983
4 544
24 82
24 437
0 707
1 983
9 340
0 403
24 986
20 20
3 668
27 417
17 1023
13 903
1 588
2 252
24 347
2 686
3 985
3 715
9 103
25 424
22 740
26 344
23 783
21 302
20 123
8 801
2 286
25 551
19 327
9 508
27 535
1 361
25 750
22 85
0 299
26 702
3 957
25 814
19 542
6 567
16 185
4 964
19 271
16 320
9 65
26 787
27 799
24 898
19 837
17 451
26 134
22 45
4 49
42 49
577 176 767 599 429 254 795 57 126 824 796 225 916 84 586 955 941 732 259 344 292 15 244 918 125 972 360 864 262 145 471 580 168 397 129 9 1010 798 95 678 842 121
23 399
15 465
34 1004
39 102
21 523
6 323
11 473
8 994
14 859
16 552
18 173
20 36
4 306
18 342
8 85
1 239
32 16
8 369
23 411
41 987
20 987
2 115
40 264
27 262
17 807
10 810
40 833
29 94
21 491
9 519
33 128
16 138
40 728
1 908
32 887
3 46
21 830
33 598
21 110
4 73
39 554
21 1016
10 773
7 629
26 767
11 492
32 154
30 818
34 544
91 56
926 572 283 471 967 136 830 168 635 473 536 574 17 858 614 92 836 666 283 253 925 346 959 101 369 930 818 372 766 355 46 343 721 657 521 901 335 664 63 487 155 747 893 1013 74 908 214 337 957 300 578 552 661 260 699 976 324 379 753 886 637 803 69 215 923 474 395 648 648 59 282 985 261 432 83 284 739 929 427 660 605 631 797 1021 10 863 999 276 335 458 252
64 207
80 695
36 196
58 727
81 382
89 404
83 392
78 689
62 478
82 292
5 906
0 388
57 776
35 727
60 54
42 496
10 527
80 410
72 784
52 532
76 40
39 849
41 633
58 456
69 988
54 551
19 859
61 370
36 438
79 1002
51 190
8 646
2 157
54 856
44 262
69 474
28 601
41 337
55 645
2 222
41 740
52 979
36 643
63 660
86 162
76 705
26 535
61 720
34 82
31 912
28 410
44 928
18 737
50 456
90 817
84 235
39 91
793 861 141 135 868 69 224 197 780 486 224 567 975 607 915 764 821 169 727 643 457 139 188 792 675 614 978 501 713 27 134 178 468 758 345 457 165 107 724
17 478
18 810
23 742
37 723
18 733
6 182
34 23
9 985
24 142
12 218
12 664
30 279
34 796
0 947
20 996
37 995
11 672
18 61
36 550
20 661
23 439
3 636
24 764
24 483
14 599
35 239
8 123
20 325
13 114
10 79
4 322
38 665
13 501
34 143
37 35
10 147
7 73
24 832
24 804
14 151
14 953
36 638
22 483
16 167
22 126
3 188
14 994
32 534
9 996
6 971
6 741
21 969
5 571
8 14
7 44
22 572
0 120
28 55
5 858
25 600
28 137
9 48
21 729
23 87
10 220
19 507
16 511
31 1015
16 212
30 85
37 734
32 448
30 1010
24 524
31 1005
13 342
13 627
30 699
25 371
8 747
3 374
29 594
30 986
37 310
35 465
2 777
37 406
22 60
9 883
31 942
32 567
19 72
561 868 611 8 471 48 141 608 184 399 427 616 187 594 4 747 411 305 562
4 572
17 127
11 114
11 311
6 546
7 357
1 45
14 906
12 729
6 669
5 408
8 1
16 562
12 476
15 300
5 824
15 825
18 159
4 918
12 968
10 508
18 575
6 323
6 180
4 407
11 965
10 909
1 728
6 19
7 582
9 130
15 260
16 55
7 362
5 393
10 994
3 855
15 507
3 762
15 458
7 410
10 320
5 8
10 659
18 198
6 818
16 262
2 374
11 219
1 433
5 380
2 93
10 298
0 828
17 833
8 766
7 749
5 1000
3 726
9 398
0 274
11 147
3 118
17 160
18 870
3 142
10 761
8 825
7 268
7 948
4 858
18 2
96 36
181 602 840 294 875 400 219 708 77 436 504 653 415 725 449 954 534 710 776 1020 535 83 258 633 885 727 939 121 347 887 221 584 859 462 866 284 1012 982 494 772 910 969 930 833 819 863 174 829 449 645 388 990 844 235 950 551 207 593 605 586 381 852 749 347 499 315 761 740 654 319 973 34 658 210 656 382 1004 460 286 645 260 90 360 791 35 944 351 513 808 365 941 729 135 395 21 373
9 499
16 955
57 496
68 628
21 725
40 107
6 315
67 553
46 1000
66 476
13 295
8 595
56 493
28 248
32 340
3 672
16 884
83 822
6 225
46 89
45 287
51 533
69 512
27 278
78 630
57 623
84 69
48 708
39 589
55 198
72 12
58 229
46 379
31 780
87 229
51 992
40 87
719 442 672 957 2 813 9 386 809 379 892 201 628 878 922 297 935 55 57 873 252 632 800 156 51 277 411 252 722 737 537 240 211 310 149 557 658 1011 671 766
20 166
31 257
35 491
20 947
24 433
1 1014
20 406
18 674
13 68
17 558
9 666
35 219
14 34
31 801
5 983
29 356
1 244
18 7
12 60
15 483
5 479
21 573
4 689
24 334
1 807
16 348
2 20
12 199
32 971
30 811
38 498
23 504
22 564
26 218
31 577
9 8
23 466
14 461
20 798
38 611
5 645
35 458
10 328
16 581
9 515
33 635
30 836
15 728
13 149
18 443
4 86
5 697
3 593
39 923
15 665
8 315
33 916
20 46
29 658
22 506
1 962
25 73
35 1019
32 691
14 66
25 258
22 309
37 323
18 812
15 724
27 871
6 540
39 170
16 374
15 653
38 363
36 717
24 78
29 263
4 952
12 637
1 249
24 163
15 650
30 41
10 829
36 1004
61 76
162 277 954 783 698 120 668 29 273 781 302 46 522 1010 495 108 442 6 348 38 460 210 101 338 681 571 367 949 143 847 828 1011 495 800 833 501 528 611 377 273 719 955 318 142 329 174 184 404 733 867 432 892 893 325 261 936 540 608 684 657 590
18 992
23 175
56 45
21 618
32 633
23 267
53 157
58 825
18 900
7 556
33 445
2 60
45 853
45 293
14 495
19 696
57 888
56 770
22 768
58 403
59 967
49 805
53 159
10 970
29 700
10 628
50 452
38 433
26 229
48 689
36 113
49 841
44 919
22 143
35 798
22 960
57 812
21 605
19 1012
25 896
59 601
6 50
49 974
16 784
55 253
24 805
23 88
3 28
33 45
47 204
24 98
50 868
37 767
42 626
41 672
20 800
57 867
50 1006
15 538
26 844
36 701
25 488
10 316
33 535
49 516
55 531
23 241
11 85
18 1001
8 52
12 125
58 578
24 798
1 544
22 579
43 144
44 67
184 320 765 802 594 75 176 707 985 236 79 791 903 234 159 120 8 705 827 819 83 617 31 467 172 407 158 62 325 716 409 624 182 921 54 355 904 212 160 778 920 56 218 750
41 511
2 938
5 404
3 223
0 739
11 495
27 114
12 283
30 427
18 614
29 337
20 385
37 973
33 404
6 498
29 754
43 834
42 669
17 515
11 318
14 348
13 198
23 250
16 500
34 708
28 530
23 549
37 384
9 913
39 539
18 330
23 780
27 488
20 205
38 260
11 521
24 1013
24 254
42 399
37 1016
7 408
26 673
21 574
31 416
21 555
31 367
21 325
22 503
30 514
28 866
22 16
38 771
15 866
0 764
34 99
8 835
39 732
13 940
12 179
14 372
32 243
20 82
0 121
15 277
36 745
34 642
29 845
62 52
699 640 992 70 602 474 524 728 447 569 644 782 269 820 99 805 358 743 412 845 318 657 953 453 962 730 723 396 61 160 571 641 763 260 408 434 733 786 214 322 103 274 505 383 172 315 7 1001 46 73 572 150 697 874 611 805 615 482 572 669 334 27
40 332
9 280
24 260
31 711
53 761
32 288
33 675
52 187
42 461
56 316
3 1005
26 33
56 266
55 212
24 496
59 241
58 579
18 538
27 970
8 123
3 1020
23 972
31 1017
38 142
10 892
8 900
44 745
4 424
31 61
21 609
28 103
2 517
22 352
28 466
36 174
44 402
46 607
25 525
52 819
38 121
47 135
13 696
57 33
4 251
52 895
7 242
23 163
34 66
23 996
41 600
43 986
21 221
83 48
538 157 448 575 444 497 118 1013 559 502 1023 189 303 89 632 716 753 850 22 477 456 933 882 841 492 717 107 729 582 131 489 615 975 176 177 396 135 313 291 246 615 496 47 592 79 156 216 359 943 652 878 632 23 283 64 42 98 522 638 402 809 97 1018 36 516 393 246 688 768 360 724 528 361 831 173 236 1012 1010 595 128 618 723 241
0 979
41 47
6 255
24 70
6 729
1 910
54 564
40 240
7 391
72 495
75 345
24 670
45 989
80 760
11 359
70 454
6 242
7 792
35 236
40 562
28 533
0 191
10 198
82 85
15 78
72 628
21 215
42 69
64 513
25 542
49 147
63 747
37 880
78 519
57 851
50 942
37 474
69 637
38 778
39 891
11 178
12 227
81 938
56 837
23 274
40 760
61 701
76 946
45 97
662 503 727 953 702 61 673 813 27 631 686 134 7 440 46 938 673 813 407 108 343 128 179 940 344 523 41 973 558 557 143 873 32 32 444 226 988 860 848 783 46 833 529 197 4
23 1017
16 391
34 481
44 969
27 145
13 935
33 211
2 395
44 193
34 866
16 1003
24 841
28 602
5 232
5 273
15 615
15 745
14 66
1 334
19 100
34 114
18 309
22 898
8 430
4 920
33 957
25 347
9 63
22 253
41 432
37 993
31 151
32 497
41 275
26 724
2 636
32 448
36 66
6 682
11 497
18 452
8 49
13 519
1 568
32 207
0 488
27 188
14 158
32 253
40 434
42 181
19 139
32 932
27 415
32 249
43 704
31 510
33 913
18 468
20 272
14 466
22 615
28 470
27 150
32 137
32 498
31 209
25 478
18 752
2 657
2 342
19 670
21 220
35 945
2 980
29 802
1 922
37 569
31 921
13 766
20 135
43 980
14 703
16 491
12 189
34 435
3 90
12 588
0 764
33 120
43 824
32 117
28 611
36 368
37 147
40 15
27 35
1 89
33
0 276
0 352
0 519
0 115
0 303
0 9
0 428
0 606
0 24
0 212
0 842
0 237
0 279
0 337
0 673
0 965
0 734
0 67
0 834
0 1002
0 281
0 884
0 970
0 786
0 480
0 52
0 362
0 76
0 836
0 140
0 811
0 401
0 259
0 42
0 569
0 69
0 698
0 246
0 698
0 34
0 924
0 288
0 730
0 865
0 619
0 119
0 853
0 412
0 878
0 14
0 723
0 180
0 907
0 309
0 990
0 76
0 117
0 713
0 187
0 180
0 824
0 1014
0 986
0 755
0 802
0 215
0 876
0 233
0 261
0 621
0 973
0 194
0 25
0 211
0 48
0 321
0 978
0 321
0 809
0 161
0 172
0 315
0 1012
0 445
0 729
0 153
0 253
0 258
0 908
69 27
1 278 704 837 765 991 19 164 446 459 795 585 627 609 263 967 391 323 661 278 614 85 228 17 84 202 677 842 152 610 468 493 467 629 99 282 893 488 119 393 607 660 860 315 214 366 435 419 101 6 910 967 710 962 833 16 884 230 859 518 909 668 161 822 827 137 302 111 216
20 886
42 923
56 1001
67 399
10 139
39 340
24 892
21 857
51 926
55 295
27 77
67 805
60 388
13 64
38 189
14 716
38 304
57 932
39 947
66 927
45 972
40 46
24 375
4 491
51 236
19 581
33 919
20 34
884 250 609 522 626 38 760 653 968 227 32 1009 1009 217 525 248 221 634 618 398
4 920
3 432
3 99
12 233
2 151
7 602
0 681
0 20
4 866
8 219
5 187
14 733
0 879
3 93
2 50
17 1004
2 356
15 832
3 947
0 786
10 111
3 463
6 604
5 703
16 903
16 756
8 102
13 332
16 625
3 905
14 535
11 719
15 59
16 420
42 35
565 205 373 61 749 310 591 650 645 805 547 483 937 106 809 932 789 221 717 822 162 60 320 558 49 107 506 129 186 800 308 664 688 251 412 936 791 784 400 336 601 844
22 35
20 968
12 464
6 72
39 360
41 36
16 982
36 477
22 517
23 331
32 342
18 433
22 162
1 1018
40 271
21 306
20 581
8 997
5 8
29 873
21 142
4 539
5 634
5 933
20 895
20 171
31 273
24 882
4 893
32 703
8 927
8 370
41 438
29 666
6 11
73 73
64 296 975 627 993 265 150 243 652 652 66 390 489 631 660 62 602 636 128 723 135 814 472 513 389 247 391 363 660 569 85 770 548 193 287 806 213 755 589 224 293 320 407 700 842 119 267 616 780 848 47 800 961 725 389 466 739 888 547 749 732 552 634 854 95 145 50 584 455 605 97 954 468
48 368
60 192
14 973
63 580
43 52
65 857
46 766
56 671
70 837
28 1014
15 286
69 666
54 643
38 103
31 207
6 874
7 130
6 318
72 243
71 132
44 910
57 944
55 624
15 498
44 863
12 427
63 639
24 974
30 937
67 686
70 632
46 171
35 944
16 279
51 979
0 416
46 355
23 886
22 617
30 337
59 274
72 288
66 540
22 165
18 893
61 27
14 908
32 615
48 738
55 728
32 713
4 325
39 644
35 139
8 228
21 680
19 847
50 544
68 44
15 454
45 246
41 291
27 79
8 907
9 651
62 506
6 170
45 716
62 421
46 355
53 430
0 153
38 589
6 10
983 267 607 239 762 61
5 335
2 1012
2 837
2 793
3 16
2 468
5 689
1 844
4 496
3 866
7 6
573 412 781 215 507 1 191
6 309
1 485
3 102
4 908
2 209
2 662
85 64
55 188 881 866 600 832 866 426 540 505 805 923 807 136 185 900 141 46 103 348 883 109 469 298 892 702 53 475 295 994 27 215 650 987 530 182 274 854 24 832 811 84 966 609 938 624 735 994 620 791 965 885 931 79 252 61 695 432 336 608 174 1002 983 933 553 434 459 1018 144 124 275 461 400 191 97 134 248 282 637 762 270 1 314 861 1015
81 429
46 898
34 721
54 949
54 64
47 880
53 135
80 156
43 830
1 507
46 993
37 812
65 986
43 639
21 336
52 670
47 567
37 832
6 694
55 260
19 762
14 872
4 824
74 260
0 857
7 434
0 697
39 561
33 471
10 137
46 558
68 965
11 69
65 205
59 985
72 161
49 499
65 527
2 146
71 431
68 583
29 735
16 877
32 827
51 719
71 246
66 62
55 29
68 818
23 943
50 967
37 425
8 754
28 916
35 3
1 643
56 208
57 633
9 615
76 940
1 409
13 706
67 322
3 527
6 54
496 1016 270 749 788 60
3 451
0 153
5 506
4 297
5 35
2 105
1 98
0 350
2 724
5 461
2 866
5 303
3 971
5 357
1 716
0 724
4 64
3 37
0 481
1 767
0 903
2 224
0 292
1 255
0 752
2 265
3 1
1 277
5 1007
3 456
2 604
0 227
2 795
0 77
2 669
4 388
3 283
2 23
0 666
3 13
4 127
1 712
2 781
5 710
0 1003
3 327
3 694
1 32
0 929
5 414
4 749
5 792
0 352
2 200
46 96
653 483 351 602 22 892 471 886 73 882 986 308 79 28 732 703 65 757 691 371 604 436 583 112 236 851 785 469 419 643 290 827 173 712 912 208 386 908 622 557 238 592 70 719 499 481
3 852
10 466
1 671
21 0
41 184
3 612
17 773
35 318
16 701
14 900
7 714
44 210
43 678
13 976
41 357
27 485
16 914
20 167
37 860
44 561
39 106
32 492
38 13
5 542
8 19
41 350
37 698
35 900
36 860
38 244
14 812
31 167
17 638
30 770
23 45
17 301
1 680
1 1002
38 544
28 401
36 860
19 985
15 184
33 551
1 488
44 949
20 972
16 308
20 630
28 534
26 566
22 6
12 295
23 436
22 530
16 180
23 776
21 672
28 91
41 453
10 712
32 139
29 62
6 361
15 152
39 19
25 932
22 138
38 481
33 972
28 303
3 479
4 74
27 269
24 679
2 678
8 42
26 121
7 926
11 235
44 184
21 1012
36 865
14 472
37 76
20 529
40 51
6 102
15 379
10 129
23 140
38 897
4 260
16 65
38 249
34 304
33 10
17 535 707 754 644 529 98 669 541 428 823 198 645 686 414 192 436 396 402 230 754 429 148 727 715 535 646 0 270 209 709 116 914
10 156
25 386
14 600
7 791
12 21
5 646
28 468
10 213
10 69
16 214
54 89
758 347 356 161 930 54 507 404 640 548 63 944 442 309 800 134 739 121 227 79 583 899 664 54 182 534 1018 935 130 626 474 454 789 419 54 571 738 215 572 328 353 506 426 920 437 250 968 808 418 988 350 937 264 419
21 193
6 657
4 852
9 543
3 385
50 725
22 329
7 222
2 731
0 320
30 401
14 805
2 211
41 711
12 114
25 30
15 751
13 755
29 817
7 478
21 455
28 117
29 221
14 629
24 414
30 821
30 514
30 523
15 836
14 241
1 337
27 1014
30 109
5 923
5 528
51 627
51 353
44 305
15 563
52 407
22 147
43 445
26 274
17 726
27 941
20 184
32 822
5 446
31 845
10 865
46 288
19 803
39 548
52 617
31 643
6 427
33 543
19 442
36 547
14 719
24 730
24 404
20 906
41 789
24 789
43 642
50 755
2 402
44 715
44 11
40 418
38 232
32 97
40 683
29 926
20 259
31 931
49 508
25 290
13 608
3 64
6 390
31 362
46 229
16 463
15 647
30 27
24 266
37 716
70 4
883 156 102 733 286 710 64 851 860 213 659 519 99 440 525 641 792 15 142 63 946 1023 461 375 303 851 804 808 99 327 984 918 247 592 995 605 819 743 108 666 191 120 680 44 186 74 256 711 247 557 673 925 784 81 473 181 687 374 73 603 612 361 759 612 948 394 338 368 813 945
17 343
21 753
52 299
66 820
79 61
404 425 80 561 280 125 723 723 846 550 873 913 594 146 74 259 663 443 762 279 77 196 403 15 889 864 206 1008 37 266 836 256 905 60 348 128 748 428 777 276 135 0 429 1012 49 441 119 47 262 344 900 130 671 185 152 467 971 868 405 88 410 1010 505 114 310 765 861 766 505 857 851 631 199 392 102 293 41 73 365
65 651
14 418
0 77
52 247
46 238
66 523
77 394
27 903
20 882
56 586
6 23
67 964
30 1007
54 401
44 329
65 837
37 905
48 661
61 830
61 49
43 695
64 296
1 1021
61 772
10 657
57 487
47 609
30 964
9 227
13 212
13 574
76 126
37 907
77 483
12 581
62 682
36 4
18 1010
15 267
13 169
62 145
54 381
65 215
17 5
23 77
12 396
52 327
57 820
21 981
32 568
53 876
67 585
44 795
42 9
40 448
2 504
38 772
67 439
27 9
31 353
9 1008
1 54
668
0 49
0 55
0 355
0 353
0 875
0 327
0 752
0 34
0 76
0 757
0 874
0 446
0 639
0 649
0 830
0 501
0 364
0 43
0 668
0 808
0 440
0 527
0 33
0 337
0 1003
0 362
0 715
0 712
0 972
0 1014
0 604
0 921
0 740
0 536
0 596
0 650
0 283
0 932
0 437
0 653
0 419
0 673
0 28
0 115
0 924
0 49
0 86
0 289
0 495
0 277
0 398
0 954
0 451
0 76
62 31
1011 816 395 1014 16 241 814 309 850 640 53 886 955 876 412 942 352 655 57 379 849 758 946 311 805 645 885 500 633 387 1009 445 789 36 423 205 443 471 273 140 346 805 471 752 265 61 78 654 691 832 989 238 458 759 376 565 435 370 599 902 112 749
33 670
53 22
6 460
42 18
37 244
41 713
15 791
32 903
45 568
10 384
61 889
55 98
15 532
1 215
22 175
43 139
33 18
41 398
22 350
10 665
41 625
52 917
40 707
24 372
24 931
30 817
37 469
2 657
43 940
29 974
61 604
78 90
844 982 538 760 496 935 409 736 396 631 192 530 554 318 441 328 686 25 501 783 940 72 1022 978 892 284 191 397 768 984 1006 493 868 192 934 741 502 1004 592 355 457 672 25 267 0 222 162 0 120 926 159 392 727 667 604 819 378 548 663 2 648 796 656 801 725 717 971 492 258 295 358 60 116 1009 266 222 731 580
37 264
67 943
32 390
12 183
56 878
8 594
38 59
2 619
54 431
23 490
32 378
58 940
42 49
17 621
8 535
58 514
10 294
0 92
1 877
77 13
45 539
71 466
12 119
61 898
33 302
52 350
0 25
4 416
55 865
21 634
56 642
36 537
29 73
42 86
70 419
75 837
26 478
12 867
55 715
63 115
35 997
42 191
27 102
34 194
68 660
51 554
75 699
13 474
64 331
74 684
38 542
38 225
32 181
49 814
34 586
2 870
53 323
76 846
47 107
39 72
47 695
64 903
24 531
51 464
6 265
23 579
57 839
31 597
25 278
66 940
25 202
53 354
18 380
2 961
63 245
32 517
19 181
32 283
43 354
14 1007
8 972
34 1000
38 257
37 489
36 52
39 128
11 212
25 911
45 303
6 420
67 46
532 502 644 580 778 607 800 985 440 129 175 697 266 797 255 262 424 228 547 370 350 650 976 327 323 944 331 342 1003 217 301 73 595 746 882 578 753 664 798 308 689 846 850 513 23 660 743 242 303 346 513 227 1000 145 391 103 583 571 545 908 559 116 480 688 461 97 490
42 198
51 398
57 722
53 192
17 713
37 620
37 990
48 362
54 488
45 543
65 618
60 855
3 546
45 659
10 855
45 975
24 497
39 23
5 253
39 583
10 249
20 613
54 1011
1 972
44 491
29 654
63 537
58 521
64 552
38 431
2 171
2 5
30 884
61 583
13 446
44 156
6 782
61 67
16 705
49 144
52 703
26 256
36 864
52 1
36 1013
38 423
59 55
434 419 163 944 1005 655 967 374 132 521 759 536 719 671 613 92 627 743 601 593 711 761 994 205 953 27 755 352 511 255 550 292 137 631 401 496 31 944 558 1012 12 962 843 484 58 208 94 615 140 32 825 565 33 315 980 764 453 826 225
57 418
12 447
42 810
56 619
56 306
42 943
54 1018
34 166
8 978
46 525
36 557
13 338
2 125
36 794
23 848
22 50
21 293
41 99
46 819
1 560
21 562
1 236
53 794
34 437
44 316
35 873
45 683
23 452
51 75
32 447
47 473
19 636
35 222
1 990
1 72
0 401
11 707
23 865
20 350
23 705
48 281
20 881
57 376
23 268
18 423
27 897
16 842
11 345
37 917
12 11
34 682
0 742
58 733
28 118
14 46
53 89
955 251 697 140 822 322 677 551 212 534 748 180 455 469 788 856 811 969 330 181 451 438 39 5 304 790 806 578 710 106 219 976 25 140 184 180 2 364 946 349 380 782 806 915 365 970 440 775 933 878 263 401 565
21 247
32 402
18 399
21 998
32 1010
28 559
33 856
42 118
49 52
41 235
18 985
24 811
11 758
46 41
38 335
24 909
21 56
41 892
32 636
13 743
1 277
2 266
25 597
32 798
14 204
19 487
52 965
33 685
40 161
44 681
50 632
21 846
29 202
46 608
29 774
27 490
38 214
12 1
3 602
5 255
10 859
42 237
3 212
27 633
6 177
37 943
15 20
7 294
52 47
6 183
2 934
43 551
48 891
45 645
34 370
1 133
21 451
19 323
16 984
18 939
43 855
8 677
48 754
45 350
18 906
41 429
35 535
4 417
16 395
23 496
19 125
35 7
50 329
19 457
19 212
40 518
10 199
18 843
11 447
52 183
19 428
4 957
30 729
18 157
28 760
38 256
14 354
3 942
29 625
99 27
300 992 583 184 387 389 888 474 660 213 431 979 856 59 533 483 533 556 352 989 164 191 720 670 9 874 545 259 161 16 995 228 313 748 763 284 912 937 687 34 96 20 857 194 756 112 195 685 733 604 781 88 650 433 546 429 925 734 19 76 884 993 10 314 543 324 243 857 213 202 418 229 994 538 155 577 275 301 982 835 894 755 1008 15 202 835 421 76 433 330 630 715 854 798 747 376 175 507 284
92 773
89 528
3 360
14 1002
82 411
83 599
46 995
22 228
57 929
30 748
93 473
52 655
50 311
50 556
2 993
62 648
46 659
78 497
33 933
24 98
98 581
32 130
39 195
24 778
21 845
11 740
28 959
11 33
262 262 474 554 604 126 166 118 360 531 979
3 827
0 334
0 867
4 6
8 172
3 351
4 1004
10 728
4 67
9 786
1 190
7 214
3 120
8 145
8 1013
0 298
1 141
9 313
7 257
2 703
9 456
6 232
7 67
5 401
6 396
5 212
5 24
5 541
6 937
1 525
1 927
2 218
10 417
85 88
753 326 170 566 145 795 398 789 61 154 786 672 809 941 471 883 113 150 582 721 309 47 862 506 1002 475 664 434 409 240 101 447 88 55 91 833 117 429 147 387 411 70 46 662 972 680 208 716 549 1023 8 243 985 257 5 560 855 7 395 605 228 846 306 975 744 232 225 874 208 962 784 775 154 829 925 904 322 284 777 557 295 60 69 452 482
31 806
83 833
51 816
83 978
4 939
43 296
23 181
55 184
83 550
57 46
36 49
50 882
68 24
72 933
55 609
50 604
9 129
74 289
62 771
80 307
75 449
44 922
21 485
54 364
50 46
8 97
23 407
69 327
84 72
84 896
69 554
61 329
81 926
9 1011
47 208
21 379
67 809
70 459
57 235
47 812
72 684
39 57
76 173
74 973
0 672
26 456
19 161
53 411
9 215
32 322
24 576
72 77
23 84
5 565
52 310
83 225
26 726
50 298
21 30
17 125
10 659
50 286
13 876
8 548
33 61
73 611
12 147
78 59
73 806
55 757
55 69
60 138
46 618
37 871
54 3
36 563
41 606
32 447
67 899
70 103
3 559
34 994
76 973
72 844
62 873
21 598
81 152
81 596
13 81
319 965 455 871 956 977 13 154 675 327 606 230 864
3 412
2 70
7 982
9 606
11 797
3 199
2 160
0 747
11 380
8 74
1 865
0 116
1 614
11 984
0 68
2 167
4 574
7 940
12 2
9 318
2 174
7 821
1 904
1 213
0 443
5 477
5 422
7 24
12 381
2 258
7 873
7 753
8 747
11 86
4 644
1 671
5 709
6 761
1 311
5 218
6 847
10 513
5 517
0 940
8 63
9 208
6 417
3 838
6 472
0 521
5 895
12 279
1 578
6 303
1 127
2 743
7 560
0 28
11 411
6 806
2 857
1 994
8 69
12 126
2 177
0 215
10 894
3 67
3 194
8 687
10 871
1 822
1 4
10 978
3 288
8 372
0 158
11 426
12 492
1 1010
11 835
31 46
688 643 466 58 204 616 526 562 194 413 287 114 783 474 377 933 14 873 705 495 32 584 461 92 794 436 366 860 598 925 567
1 542
1 39
26 907
23 516
15 336
18 713
28 420
7 825
13 788
14 441
25 826
21 479
4 642
24 379
24 216
11 164
16 419
15 463
2 723
26 731
12 147
22 178
26 614
0 935
25 175
20 744
13 925
17 600
20 171
29 729
23 766
26 587
11 736
26 578
5 108
17 715
14 1007
28 660
6 472
0 790
15 154
12 997
10 196
7 739
3 821
24 927
15 17
1002 684 165 133 815 336 159 198 132 554 255 732 664 968 608
5 825
4 676
11 161
12 983
10 116
1 423
6 170
9 209
7 426
4 354
12 397
7 403
13 772
10 765
7 45
9 177
3 719
17 68
772 523 480 77 747 496 251 674 817 799 613 870 757 617 153 865 945
8 1001
6 881
13 54
14 30
6 550
13 255
5 243
11 276
1 398
5 663
14 270
14 931
9 823
13 638
14 735
2 716
1 650
8 677
9 886
10 705
9 697
11 157
6 989
6 574
7 416
5 431
14 480
9 968
16 778
6 340
2 804
16 6
10 122
1 469
7 556
11 362
16 119
9 206
13 499
4 21
5 670
10 28
1 292
0 116
9 358
12 993
2 841
0 901
3 229
5 848
11 926
13 782
7 832
14 814
9 913
11 690
10 195
1 517
16 9
5 687
15 1002
15 293
7 122
10 236
12 217
8 481
1 628
13 406
1 31
3
0 484
0 126
0 591
0 151
0 718
0 205
0 926
0 382
0 371
0 175
0 761
0 96
0 785
0 47
0 827
0 275
0 376
0 298
0 933
0 214
0 192
0 979
0 118
0 117
0 657
0 807
0 314
0 1004
0 433
0 327
0 374
4 30
1008 229 939 332
3 24
0 576
1 866
1 667
0 219
1 837
0 923
3 979
0 871
0 822
3 388
2 718
1 926
1 1006
0 235
3 465
0 15
3 634
1 530
1 820
0 599
0 360
0 328
2 320
1 790
1 154
1 959
2 1022
3 592
0 818
74 47
744 13 375 170 228 263 105 496 9 391 990 585 90 583 139 593 1013 806 563 405 412 856 855 348 568 577 350 868 887 879 813 849 695 578 313 890 616 288 545 299 780 942 614 649 310 841 395 652 973 987 846 125 602 249 314 79 607 102 268 222 831 30 656 636 846 882 426 172 807 211 396 225 311 226
32 1015
36 45
0 751
7 386
38 247
13 169
26 660
38 592
33 427
72 402
1 910
69 601
19 288
16 964
37 749
65 784
18 556
64 941
59 219
5 587
45 290
33 306
46 203
22 330
4 624
64 764
43 736
28 185
24 1000
23 786
26 469
55 1018
61 809
20 812
50 552
5 880
66 77
9 8
56 961
73 712
10 748
27 294
3 345
47 496
65 184
5 994
59 785
59 71
310 313 532 669 57 604 958 899 872 422 267 851 319 639 217 36 389 660 311 175 46 997 524 621 50 579 762 670 453 24 148 367 1014 920 852 284 223 488 484 651 929 290 304 500 235 653 445 876 1021 7 450 284 760 201 228 400 379 80 1005
49 934
4 963
34 824
40 364
18 259
4 956
54 654
38 257
5 447
12 674
18 229
42 892
18 13
2 829
20 266
9 1010
14 912
56 616
31 877
46 501
37 434
35 802
47 497
11 458
36 509
27 86
19 652
22 23
9 611
6 443
19 430
50 455
23 693
51 332
6 144
41 948
13 960
12 972
51 968
45 497
42 514
46 285
2 844
27 776
22 135
35 65
54 287
1 233
37 608
33 308
1 534
34 160
57 515
25 544
42 867
33 312
13 856
34 826
24 326
30 598
49 72
6 333
1 894
34 464
18 624
14 787
6 255
3 55
37 434
0 789
24 825
26 55
625 864 918 945 379 914 1002 751 562 154 20 105 65 478 606 645 996 299 700 475 611 945 265 364 910 88
5 222
9 804
16 476
9 939
12 815
5 821
15 589
6 122
21 610
17 139
20 536
3 999
18 932
21 906
16 625
22 927
19 821
9 983
7 454
6 438
0 1014
8 11
23 860
3 656
0 540
7 391
0 67
19 45
12 444
14 637
6 619
14 124
15 780
9 993
1 580
13 410
6 565
10 738
3 749
0 53
23 612
10 93
3 812
13 574
12 222
1 564
2 509
20 781
1 431
13 728
22 725
8 179
17 159
3 681
20 262
55 68
964 486 616 190 398 475 375 738 317 607 831 951 579 717 993 739 792 149 225 38 521 392 159 921 272 3 443 926 475 927 136 343 414 522 531 727 915 959 893 542 510 969 834 716 957 151 626 698 530 648 888 764 351 422 704
6 680
22 201
30 662
8 132
14 800
19 695
33 982
28 154
30 258
3 879
47 784
19 211
15 529
46 4
23 368
9 881
49 664
28 650
18 13
11 828
48 118
8 148
29 716
6 462
54 475
39 643
24 266
29 908
41 1008
43 784
0 75
46 435
52 31
18 504
48 632
43 341
47 70
1 105
47 299
17 622
16 390
28 236
8 225
4 947
24 251
47 299
3 32
21 990
11 60
16 971
14 39
39 880
21 279
16 68
24 115
2 713
35 870
15 52
11 224
40 126
33 178
41 510
0 696
43 197
1 505
46 523
31 839
33 565
30 60
544 162 537 885 156 681 636 239 408 655 559 110 764 737 823 862 10 372 657 789 965 625 51 740 440 916 383 293 530 130
5 38
22 968
8 67
24 339
9 313
8 336
5 867
21 827
10 266
29 750
8 409
17 985
9 603
8 88
7 189
11 626
22 814
25 913
4 841
11 215
8 252
19 451
10 306
14 322
20 719
17 501
18 745
14 128
5 629
11 218
27 950
12 392
8 702
11 713
14 731
24 1012
23 108
9 305
15 833
1 226
4 781
28 860
3 773
26 169
4 839
21 543
28 455
14 543
27 40
4 27
9 912
19 964
5 475
28 975
27 432
15 724
14 510
24 887
0 959
11 898
34 57
224 977 515 609 997 809 208 733 810 728 906 455 580 518 14 744 652 541 859 203 520 77 761 57 129 25 679 798 12 35 872 405 458 426
32 426
12 953
25 821
17 261
8 175
30 192
17 173
32 105
10 977
33 609
16 297
13 436
10 492
0 532
11 448
23 657
4 857
1 481
32 960
2 948
9 572
19 966
23 399
31 1
10 429
5 81
15 1015
33 832
0 190
27 1009
20 470
11 247
30 805
30 551
17 806
10 914
30 538
23 688
31 807
7 644
16 727
4 41
31 306
17 803
0 621
31 508
23 775
20 788
25 503
15 862
33 14
26 433
1 345
29 290
14 544
29 146
14 757
18 14
849 566 696 58 886 243 408 626 765 281 972 991 978 298 385 299 518 489
7 339
6 289
17 255
9 201
10 163
1 350
9 15
9 57
15 497
4 260
15 358
8 784
12 923
6 797
9 34
269 821 788 274 976 944 1021 545 826
8 307
6 853
3 924
7 223
5 548
1 239
1 30
6 595
3 405
2 39
0 33
8 981
4 367
8 470
2 132
2 164
1 10
5 499
4 1019
4 970
3 840
2 55
7 107
8 651
7 122
3 489
4 192
2 648
7 554
7 561
7 145
5 14
3 631
5 783
6 91
489 900 766 436 1008 14
4 220
5 62
3 476
0 270
4 885
4 891
5 458
2 497
5 590
1 397
4 569
0 619
0 695
4 297
3 278
4 1007
1 696
0 565
2 477
0 527
3 783
3 762
0 965
5 289
1 1003
0 991
4 1012
1 222
5 281
1 31
4 155
0 3
0 148
0 236
2 419
1 196
0 879
3 268
2 29
0 450
3 3
5 618
4 80
4 992
1 1001
1 168
3 407
0 124
1 256
2 789
2 470
4 571
1 406
5 186
1 458
1 160
2 215
2 281
2 920
5 215
5 69
4 385
3 483
4 512
3 20
5 519
3 455
5 525
0 1014
2 806
2 957
4 240
5 422
2 891
1 487
5 772
4 739
4 714
2 775
0 52
5 147
0 252
0 956
4 555
2 203
0 350
2 489
2 496
2 997
0 499
5 448
81 37
220 761 490 776 417 12 58 530 800 580 508 109 200 144 202 327 801 87 1002 494 920 755 344 597 244 816 457 895 283 651 957 56 33 920 904 454 157 898 277 327 986 375 828 839 517 279 361 568 811 375 1010 532 103 1021 621 938 534 773 339 242 809 618 923 692 710 762 85 315 737 929 285 81 183 680 395 693 900 413 635 494 734
64 632
11 1004
31 514
46 39
21 836
0 164
72 401
47 870
10 96
9 81
30 243
13 342
33 769
26 836
21 372
1 418
19 576
42 113
65 1017
75 1014
48 554
6 77
40 107
39 559
69 409
6 608
11 717
71 333
26 848
79 560
11 426
55 561
58 533
6 381
37 961
61 256
30 851
88 18
851 195 371 570 604 227 560 410 224 128 832 199 824 48 570 833 693 978 582 621 714 526 928 475 614 459 79 463 60 140 245 769 465 614 601 15 487 893 512 412 268 132 563 533 507 971 310 451 592 896 1023 831 646 1008 399 984 841 416 764 87 284 1 93 125 473 659 35 416 563 220 977 272 938 779 690 583 276 751 14 195 1001 708 697 834 856 622 54 664
65 489
57 253
46 1016
20 624
48 826
8 182
49 338
79 582
55 327
32 56
33 517
83 546
31 88
47 15
85 273
39 9
55 335
82 679
95 86
30 836 423 583 958 866 187 79 669 50 800 810 3 462 373 593 879 341 541 310 481 83 614 199 789 330 264 667 268 116 959 269 824 288 838 484 26 510 955 1001 853 694 613 384 922 186 369 78 227 660 913 129 723 53 550 445 189 84 859 297 438 284 352 430 23 375 644 794 666 691 995 410 158 708 231 518 693 250 662 702 663 788 335 269 110 1016 249 1000 573 320 337 213 498 56 999
44 316
81 819
14 851
90 402
50 205
14 995
6 987
78 706
63 740
25 576
11 503
25 498
61 250
24 247
36 566
30 713
59 208
16 25
15 65
92 558
75 716
32 852
80 916
70 152
70 368
83 875
11 440
33 855
36 255
63 734
11 791
19 593
78 23
85 427
14 477
82 498
49 855
57 231
18 899
42 536
84 73
78 484
46 246
49 372
36 709
72 399
14 887
33 27
15 771
77 670
77 790
37 825
28 46
90 620
80 289
71 745
39 988
52 934
85 623
20 370
27 932
94 252
71 839
72 672
23 136
10 181
55 595
13 305
58 924
18 527
35 795
72 526
71 970
68 17
13 820
3 7
87 742
41 252
46 365
86 742
49 182
92 338
88 471
1 184
30 93
3 196
66 5
285 800 459 437 290 688 639 130 228 857 838 253 975 102 937 302 7 232 51 984 566 537 710 538 308 66 952 521 711 833 840 706 947 799 646 740 650 448 708 985 926 818 559 955 296 873 871 118 953 182 697 944 715 803 871 355 315 24 478 984 333 573 23 818 884 177
59 167
9 418
30 48
13 869
48 70
75 10
522 473 401 953 156 572 179 440 320 44 876 575 841 23 15 233 452 539 181 953 714 1003 785 454 337 99 146 143 12 318 779 825 778 453 734 898 913 0 868 43 940 105 968 384 171 785 825 236 36 306 953 1012 270 667 384 309 128 732 222 322 159 658 253 204 167 934 844 545 365 441 466 958 649 198 636
55 459
52 800
59 818
33 279
29 889
43 354
6 479
1 187
65 101
54 626
63 22
130 958 89 965 845 739 555 1010 227 110 462 513 812 66 788 525 680 171 863 381 21 568 347 1014 198 807 922 846 848 58 1010 64 83 620 941 496 140 48 390 470 252 786 68 47 998 267 199 26 58 24 266 713 327 35 688 816 995 283 686 248 948 303 894
5 848
59 633
39 918
7 277
55 182
27 998
12 348
51 122
49 254
50 481
42 1016
3 455
34 452
50 268
19 71
38 211
45 286
28 1021
53 485
13 415
27 206
25 952
48 80
861 235 450 263 747 403 250 43 434 123 599 851 821 147 679 87 616 7 682 414 816 50 366 339 346 381 59 729 945 722 529 950 696 662 684 192 777 1001 267 216 401 520 344 670 860 435 236 440
21 889
35 946
5 120
36 501
40 736
17 146
29 876
2 794
39 553
7 148
11 83
21 395
39 402
7 226
6 689
14 920
47 82
47 793
33 717
29 617
20 889
31 120
2 191
39 948
25 81
24 152
42 403
33 788
36 73
27 239
35 899
0 873
16 61
10 925
20 135
45 955
4 242
23 898
40 834
39 961
28 495
8 63
7 1003
3 193
34 633
22 507
11 61
1 954
27 203
41 189
40 338
11 933
47 260
4 148
43 618
40 808
7 318
26 295
24 205
22 517
18 106
13 995
2 600
44 509
22 998
38 417
36 533
36 494
1 438
28 765
8 621
1 286
8 940
10 183
8 636
25 867
10 400
2 680
25 849
29 651
33 59
431 130 130 236 120 359 287 42 762 975 460 140 902 162 207 66 565 364 8 470 427 121 241 483 371 844 715 337 146 100 100 945 393
22 634
24 736
5 208
31 473
24 674
11 1022
15 957
32 170
25 463
17 274
31 452
28 265
0 147
23 802
22 364
1 289
21 104
20 162
26 153
1 911
6 935
0 728
32 18
5 912
22 58
0 317
30 1010
12 368
1 527
17 832
30 769
23 314
6 780
28 795
27 950
10 563
19 368
27 784
1 838
19 210
28 247
29 972
13 423
8 54
25 845
20 903
1 250
28 366
0 126
17 819
25 771
21 298
22 176
4 296
4 954
22 171
9 27
4 934
13 18
87 54
628 199 516 391 476 164 293 522 145 993 277 25 678 795 130 704 242 270 749 291 492 917 478 938 623 308 206 419 91 555 933 520 694 587 341 322 102 813 442 749 1014 336 499 977 945 283 662 536 853 748 20 773 433 121 551 892 759 192 345 561 124 541 271 862 736 537 227 916 430 187 660 192 521 951 640 83 555 842 326 276 722 759 385 623 184 119 328
5 64
6 722
38 769
81 547
17 224
83 755
42 63
83 554
86 94
46 971
49 779
54 409
74 356
68 559
15 39
4 369
34 285
37 303
55 423
7 312
35 871
69 88
44 460
42 623
33 863
34 165
22 590
16 582
52 339
58 27
50 957
14 622
79 47
25 625
57 333
4 778
41 292
20 746
65 293
61 546
35 163
46 684
41 169
30 2
2 212
75 1022
86 897
54 552
19 232
24 502
71 885
29 285
60 827
29 348
96 92
714 589 676 263 722 829 247 709 446 64 578 697 307 150 435 398 231 904 797 449 940 254 130 755 548 272 698 375 334 860 363 567 988 42 62 882 468 551 614 603 645 779 468 987 692 869 320 87 334 707 825 741 740 381 719 153 519 84 628 104 648 395 95 275 898 458 640 1001 938 733 345 209 283 476 213 145 983 570 235 678 995 641 662 380 612 118 255 455 178 51 203 777 45 896 569 109
44 403
39 952
93 314
55 378
95 983
53 843
63 363
13 0
80 131
35 51
22 383
46 355
86 907
39 538
64 854
30 41
84 345
78 853
61 154
80 208
70 943
87 577
87 664
48 376
86 223
95 847
9 801
76 980
87 396
18 81
34 694
46 84
58 465
93 105
33 614
65 374
25 546
81 745
23 955
56 109
94 447
39 967
1 524
24 849
44 558
3 277
66 762
69 863
52 850
52 425
3 429
78 65
77 532
61 387
4 283
39 553
31 960
32 310
7 316
76 69
17 24
29 707
65 93
82 437
7 535
12 617
92 537
21 1012
28 111
30 2
95 1015
43 530
37 462
86 184
30 191
81 448
78 439
33 768
30 550
61 174
52 437
48 915
66 649
56 50
66 580
41 260
44 393
80 398
57 697
22 723
41 111
17 857
25 63
958 543 305 168 260 8 808 244 276 371 887 485 480 705 8 433 174 757 258 148 256 133 477 575 326
24 905
0 10
20 481
23 882
12 87
12 943
22 359
13 944
12 934
8 854
1 749
17 158
18 14
19 370
1 641
17 520
18 324
5 86
12 307
4 676
2 943
17 389
22 225
19 895
0 544
11 641
8 408
3 311
17 914
8 965
0 938
3 388
9 762
5 716
8 433
11 260
20 352
15 207
22 579
11 282
19 477
6 756
9 76
15 7
5 846
17 321
17 767
17 550
7 977
0 438
3 715
18 167
21 704
11 672
2 1
6 472
21 448
12 103
14 803
18 837
5 145
7 601
23 463
61 94
953 71 219 54 1006 126 846 210 879 118 143 27 1014 346 420 697 91 215 78 712 841 443 400 992 360 465 899 598 697 720 554 26 530 526 255 656 637 153 482 118 743 349 287 439 637 87 619 371 22 390 139 797 773 888 599 755 325 672 843 730 640
49 554
53 649
23 369
35 12
24 702
6 677
29 306
58 409
22 205
3 363
56 607
27 59
12 13
25 110
18 498
20 22
6 250
9 61
41 356
3 307
16 265
46 437
26 488
21 821
22 453
56 75
37 104
9 4
32 880
22 363
50 85
20 410
28 290
39 231
6 630
39 617
30 368
39 93
49 474
25 281
29 636
33 831
42 914
31 898
39 993
46 206
2 1017
35 513
46 697
4 461
19 895
39 622
56 257
18 741
44 895
43 315
8 216
10 796
56 770
24 226
4 546
55 202
60 403
45 110
53 561
38 230
6 633
41 252
59 1023
5 50
25 30
39 138
32 976
55 293
19 328
28 1021
52 674
49 549
3 775
4 417
49 206
8 720
1 779
9 916
53 1003
1 531
42 902
51 937
17 110
48 225
17 502
57 162
58 187
49 598
29 71
376 458 366 977 645 1020 309 374 454 43 113 584 991 656 306 913 953 864 297 444 640 101 889 200 578 774 971 979 977
24 599
24 548
13 257
0 977
6 994
9 889
6 690
28 87
22 902
28 488
11 343
11 841
15 881
26 600
22 800
7 587
0 603
8 960
3 955
5 318
10 893
2 903
23 263
15 51
28 369
17 194
3 566
16 932
25 1005
2 86
14 127
19 865
27 298
15 859
3 697
13 167
25 754
3 370
2 980
24 450
16 162
28 152
26 124
1 241
6 987
1 945
10 319
8 849
11 61
20 948
15 529
6 62
23 509
7 507
15 288
4 778
2 937
21 101
19 908
26 16
27 669
26 728
19 572
0 21
14 531
27 188
8 892
4 312
14 202
7 146
11 644
17 42
594 684 145 321 47 960 677 697 409 7 388 491 695 311 616 213 394
8 898
12 488
13 211
5 508
12 95
11 934
14 490
13 568
16 492
4 312
15 83
8 385
16 812
6 129
14 1017
0 746
1 310
14 237
5 550
13 605
6 1021
16 590
0 847
7 740
12 837
7 404
14 901
5 712
10 738
5 961
3 378
4 112
11 609
11 907
0 179
1 886
3 544
14 430
4 811
9 990
16 778
0 399
23 79
194 600 255 615 334 109 939 299 559 781 277 932 434 481 980 806 88 12 412 81 969 785 320
4 552
17 391
21 391
17 568
3 397
20 829
6 112
2 161
4 431
9 700
16 962
21 130
22 182
3 235
4 103
7 603
7 696
15 580
16 145
15 704
22 319
10 87
13 443
1 529
9 117
13 623
22 553
13 916
20 722
7 417
12 377
2 794
1 735
21 166
12 422
13 398
16 176
18 995
22 170
9 998
6 901
22 199
7 477
3 902
15 823
4 41
20 513
15 403
10 93
0 803
21 194
12 836
10 908
8 6
18 49
22 837
21 551
22 450
8 558
1 759
20 560
16 427
9 1000
13 625
19 138
7 528
12 97
10 66
14 631
9 21
4 522
20 985
3 1021
15 291
1 843
0 661
10 386
14 149
0 441
15 9
8 764 900 890 737 228 752 394 908 48 153 805 445 110 482
3 877
10 93
3 991
14 152
3 0
12 752
1 834
2 1021
10 161
26 13
228 272 607 395 295 562 680 224 473 509 931 273 900 893 812 732 968 369 1018 122 958 16 695 557 75 880
15 482
21 271
3 772
18 928
0 793
10 697
0 124
15 706
0 936
23 720
21 722
2 1009
24 1002
54 72
777 587 328 247 54 779 584 756 490 137 544 800 125 250 522 267 465 901 916 368 525 904 831 683 830 438 554 920 985 354 973 961 924 1018 871 386 782 349 5 672 243 64 812 86 857 419 323 988 868 765 953 762 193 620
18 368
13 611
19 994
18 500
47 1013
17 349
19 769
23 461
2 158
51 819
32 84
5 102
18 458
40 540
23 104
50 773
6 166
22 564
17 685
15 904
24 909
32 1009
31 305
51 815
19 995
15 574
24 546
20 379
27 75
50 862
23 361
34 664
33 72
2 1008
20 390
25 970
25 291
22 667
46 897
8 552
6 796
4 161
3 848
6 397
19 1013
25 270
12 919
7 173
12 448
26 568
53 157
23 295
13 326
49 854
37 572
3 577
33 701
5 239
51 863
20 712
41 805
45 513
51 312
38 686
42 581
29 406
6 0
43 419
36 265
37 682
52 284
50 706
74 44
545 307 578 155 654 971 42 923 171 655 276 542 86 633 121 591 620 1022 318 376 360 475 102 902 113 556 664 79 585 74 495 205 622 648 378 968 320 348 963 283 322 515 918 303 188 582 747 844 991 87 718 636 679 372 1003 84 353 176 319 449 788 718 670 848 37 675 309 657 25 447 136 597 794 739
4 701
38 245
42 353
48 871
44 78
21 51
72 496
23 438
31 845
33 105
21 623
44 876
72 855
38 459
1 625
32 577
17 146
23 392
11 198
44 506
35 1018
54 975
51 160
13 333
17 110
46 625
64 745
30 602
40 349
69 807
11 216
39 865
16 287
31 657
16 102
41 376
46 607
25 197
24 37
3 1020
60 308
25 753
67 455
41 153
